145,85,5250,200,1350
143,69,4900,250,1650
135,85,4800,400,1600
82,85,4650,150,2000
131,58,4500,450,1850
125,9,4450,300,2050
113,69,4400,200,2200
145,87,4400,350,2050
128,34,4350,450,2000
45,80,4300,200,2300
103,94,4250,450,2100
134,57,4250,400,2150
131,57,4100,400,2300
115,34,4100,350,2350
65,94,4050,300,2450
80,94,4050,300,2450
135,87,4000,500,2300
125,85,4000,400,2400
128,38,3900,400,2500
80,57,3850,300,2650
82,87,3850,450,2500
142,19,3800,450,2550
145,65,3750,150,2900
115,38,3660,581,2252
142,44,3650,450,2700
101,85,3650,500,2650
145,19,3635,492,2566
144,58,3600,700,2500
53,38,3600,500,2700
146,126,3585,690,2418
121,94,3550,550,2700
26,85,3486,442,2664
76,69,3445,99,3149
134,56,3442,836,2415
121,57,3400,550,2850
112,69,3396,50,3247
149,85,3391,295,3007
144,19,3381,370,2448
94,85,3231,437,2924
128,70,2922,204,2693
80,69,2902,84,3021
142,17,2815,419,2678
115,69,2767,226,3206
139,57,2728,205,2979
53,34,2725,385,2433
149,58,2551,522,2289
134,58,2535,505,2064
131,56,2520,356,2311
51,89,2484,170,2619
94,87,2473,319,2481
115,25,2462,597,2045
142,143,2376,366,2710
97,69,2365,383,2439
149,87,2360,607,2306
115,70,2217,321,2566
62,69,2167,246,2691
115,89,2140,378,2669
135,34,2115,466,1993
142,38,2104,345,2418
18,38,2094,106,2591
101,87,2077,231,1663
59,126,2042,417,2258
131,85,2007,185,2453
128,89,2006,274,2587
125,87,2003,354,1691
113,38,1994,67,1685
134,61,1963,153,2675
124,58,1946,206,2072
139,56,1921,263,2533
103,72,1916,122,2138
6,126,1856,179,2409
124,94,1834,164,2332
26,87,1810,341,1750
87,58,1803,401,2181
85,34,1768,219,2457
131,87,1767,293,2071
113,34,1753,317,1676
9,69,1753,169,2945
76,157,1749,55,1942
113,70,1745,235,1751
31,89,1744,174,2589
144,59,1734,188,2408
95,157,1730,173,1937
112,157,1726,35,1964
75,69,1710,62,2163
121,85,1693,253,2278
139,61,1685,66,2634
139,58,1671,218,2242
9,57,1667,372,2535
6,53,1659,250,2665
44,80,1650,151,2134
34,89,1646,147,2592
55,57,1633,162,2779
143,85,1618,305,2165
103,76,1613,117,2062
49,141,1606,205,1935
94,94,1596,122,2789
135,38,1580,265,2331
73,57,1570,208,2729
112,58,1557,214,1967
131,61,1539,303,2665
149,57,1519,93,2612
95,89,1510,30,2329
91,58,1510,147,2118
85,38,1497,320,2271
80,61,1491,176,2718
145,84,1485,235,2289
141,69,1476,71,2541
9,89,1471,74,2631
36,69,1468,71,2905
80,58,1452,124,2216
131,59,1440,448,1981
55,69,1387,142,2695
94,69,1369,86,2769
9,56,1357,295,2162
103,63,1345,327,2103
51,91,1342,82,2368
65,60,1338,281,2825
149,34,1318,106,2301
139,69,1312,109,2550
145,143,1301,260,2279
94,72,1299,47,2468
31,69,1290,17,2439
145,38,1275,100,2385
125,69,1224,83,2418
143,63,1213,340,2348
18,19,1197,73,2455
82,63,1180,395,2265
122,94,1105,214,2473
97,94,1092,470,2230
146,19,1088,382,2276
145,63,1041,380,2448
115,146,1030,468,2316
6,89,949,40,2825
62,57,936,151,2638
